#Omav parameters
inertia: [ 0.0075 , 0.0 , 0.0 , 
          0.0 , 0.010939 , 0.0 , 
          0.0, 0.0, 0.01369]

allocation_matrix: [ 0.500000 , -0.866025 , -1.000000 , 1.000000 , 
                      1.000000 , 0.000000 , 1.000000 , 1.000000 , 
                      0.500000 , 0.866025 , -1.000000 , 1.000000 , 
                      -0.500000 , 0.866025 , 1.000000 , 1.000000 , 
                      -1.000000 , 0.000000 , -1.000000 , 1.000000 , 
                      -0.500000 , -0.866025 , 1.000000 , 1.000000]
n_rotors: 6

rotor_force_constant: 7.2e-6
rotor_moment_constant: 0.015
arm_length: 0.3

roll_gain: 100
pitch_gain: 100
roll_int_gain: 2.0
pitch_int_gain: 2.0
p_gain: 25
q_gain: 22
r_gain: 1.0

max_integrator_error: 0.6
